296	295
101	208
101	515
101	271
101	115
310	72
73	74
180	182
15	41
133	36
128	493
436	350
149	268
379	450
292	291
11	9
248	374
248	247
42	41
125	126
283	144
36	127
36	55
36	89
36	110
36	104
36	285
36	156
36	113
36	401
36	37
36	40
36	361
413	144
431	32
286	202
286	367
260	287
260	181
260	259
410	67
507	321
289	449
289	65
346	345
150	9
91	92
472	263
505	220
400	428
400	444
400	504
400	82
400	445
79	63
45	44
168	95
44	511
44	116
44	174
44	99
44	141
337	319
275	20
160	72
422	460
299	351
249	63
359	474
359	517
145	281
66	103
18	9
41	43
41	167
41	381
41	222
41	216
41	473
41	64
41	383
41	382
41	192
41	250
41	165
41	251
41	437
41	380
41	169
41	13
51	331
51	215
51	447
51	489
51	476
366	9
317	429
134	103
456	457
439	440
424	495
207	194
53	340
53	253
53	481
53	341
53	54
402	321
363	364
144	322
144	370
144	241
144	338
144	288
144	240
144	238
144	142
144	369
144	227
144	290
312	194
332	281
377	376
85	211
324	176
30	31
407	236
78	326
117	103
480	357
24	9
201	140
111	112
499	194
490	321
303	212
365	321
22	9
56	170
56	171
56	90
56	57
129	204
221	161
378	425
270	176
138	137
183	184
347	191
315	228
466	9
501	236
46	47
234	166
124	114
124	452
124	219
471	398
510	454
408	74
339	294
81	48
7	26
385	70
120	119
108	121
465	9
151	9
155	335
50	266
421	323
100	118
328	52
279	199
272	316
352	448
258	76
399	396
500	321
520	32
98	103
95	143
393	191
298	204
205	304
107	105
187	186
217	176
83	59
147	185
443	29
273	522
255	1
494	389
345	518
178	164
136	9
70	482
434	433
88	32
246	211
521	305
204	262
204	123
198	32
244	9
325	6
4	3
96	163
96	231
224	220
237	191
14	9
189	175
276	8
467	389
214	282
87	8
177	103
210	103
109	190
71	72
372	375
372	355
372	484
372	461
372	242
197	176
86	9
130	32
435	281
384	300
261	256
301	63
416	274
49	9
330	9
342	63
470	140
139	19
277	252
277	362
132	3
206	194
451	67
426	427
512	19
158	19
487	321
309	502
203	176
229	230
412	321
356	323
225	223
278	140
327	97
323	458
323	455
334	358
2	5
417	103
74	459
8	395
8	409
8	403
8	432
8	23
193	280
58	430
58	80
415	329
94	320
492	343
404	6
84	3
485	175
212	394
368	475
368	468
368	307
293	69
267	103
438	306
308	3
135	9
387	386
396	414
488	172
491	321
496	389
318	103
77	32
463	469
122	6
509	454
418	69
161	162
148	9
302	281
93	211
486	172
419	19
211	232
211	265
211	213
506	321
103	173
103	188
69	349
102	97
191	131
191	245
263	344
263	503
263	257
263	297
263	235
263	239
316	390
354	62
391	9
17	9
514	513
477	1
33	34
442	441
311	373
243	32
60	194
353	254
389	68
389	454
478	19
405	497
405	508
16	9
479	483
194	195
194	209
194	406
154	321
196	176
254	314
388	306
1	159
1	397
21	25
6	146
423	454
35	34
519	19
27	28
38	39
38	464
19	420
19	233
19	446
200	176
453	516
453	264
226	176
97	498
411	321
106	72
176	269
176	61
176	218
176	284
10	9
321	348
321	371
336	333
75	313
179	32
392	502
360	12
274	462
153	9
157	9
9	152
